plot "-" with lines
0 0
0.01 92.96369230769231
0.02 185.92738461538463
0.03 278.8910769230769
0.04 371.85476923076925
0.05 464.8184615384616
0.06 557.7821538461538
0.07 605.7281603053435
0.08 608.6564809160305
0.09 611.5848015267176
0.1 614.5131221374046
0.11 617.4414427480916
0.12 620.3697633587786
0.13 623.2980839694656
0.14 626.2264045801527
0.15 629.1547251908397
0.16 632.0830458015266
0.17 635.0113664122138
0.18 637.9396870229008
0.19 640.8680076335877
0.2 643.8333053435115
0.21 646.8540687022901
0.22 649.8748320610687
0.23 652.8955954198473
0.24 655.916358778626
0.25 658.9371221374046
0.26 661.9578854961832
0.27 664.9786488549619
0.28 667.9994122137405
0.29 671.0201755725191
0.3 674.0409389312978
0.31 677.0617022900763
0.32 680.082465648855
0.33 683.3603129770993
0.34 687.2380229007633
0.35 691.1157328244275
0.36 694.9934427480916
0.37 698.8711526717557
0.38 702.7488625954198
0.39 706.626572519084
0.4 710.504282442748
0.41 714.3819923664123
0.42 718.2597022900763
0.43 722.1374122137405
0.44 726.0151221374047
0.45 729.8928320610687
0.46 733.3745639097745
0.47 735.2723834586467
0.48 737.1702030075188
0.49 739.0680225563909
0.5 740.9658421052632
0.51 742.8636616541353
0.52 744.7614812030074
0.53 746.6593007518798
0.54 748.5571203007519
0.55 750.454939849624
0.56 752.3527593984962
0.57 754.2505789473685
0.58 756.1483984962407
0.59 758.0462180451128
0.6 759.7396136363636
0.61 761.4102954545455
0.62 763.0809772727273
0.63 764.751659090909
0.64 766.422340909091
0.65 768.0930227272727
0.66 769.7637045454545
0.67 771.4343863636363
0.68 773.1050681818182
0.69 774.77575
0.7 776.4464318181818
0.71 778.1171136363636
0.72 779.7877954545455
0.73 781.0458015267176
0.74 782.1269465648855
0.75 783.2080916030535
0.76 784.2892366412214
0.77 785.3703816793893
0.78 786.4515267175573
0.79 787.5326717557252
0.8 788.6138167938932
0.81 789.6949618320612
0.82 790.776106870229
0.83 791.857251908397
0.84 792.9383969465649
0.85 794.0195419847328
0.86 794.6117099236641
0.87 794.877893129771
0.88 795.1440763358778
0.89 795.4102595419847
0.9 795.6764427480916
0.91 795.9426259541984
0.92 796.2088091603052
0.93 796.4749923664122
0.94 796.7411755725191
0.95 797.007358778626
0.96 797.2735419847328
0.97 797.5397251908397
0.98 797.8059083969465
0.99 797.9261969696969
1 797.9005909090909
1.01 797.8749848484849
1.02 797.8493787878788
1.03 797.8237727272727
1.04 797.7981666666667
1.05 797.7725606060606
1.06 797.7469545454545
1.07 797.7213484848485
1.08 797.6957424242424
1.09 797.6701363636364
1.1 797.6445303030304
1.11 797.6189242424242
1.12 797.0610227272728
1.13 795.2610984848485
1.14 793.4611742424242
1.15 791.66125
1.16 789.8613257575757
1.17 788.0614015151515
1.18 786.2614772727272
1.19 784.4615530303031
1.2 782.6616287878787
1.21 780.8617045454546
1.22 779.0617803030303
1.23 777.2618560606061
1.24 775.4619318181818
1.25 773.3705303030304
1.26 768.6558333333334
1.27 763.9411363636364
1.28 759.2264393939394
1.29 754.5117424242424
1.3 749.7970454545455
1.31 745.0823484848485
1.32 740.3676515151515
1.33 735.6529545454546
1.34 730.9382575757575
1.35 726.2235606060606
1.36 721.5088636363636
1.37 716.7941666666666
1.38 712.0794696969697
1.39 707.1364427480917
1.4 702.1680458015268
1.41 697.1996488549619
1.42 692.231251908397
1.43 687.2628549618321
1.44 682.2944580152672
1.45 677.3260610687023
1.46 672.3576641221374
1.47 667.3892671755725
1.48 662.4208702290077
1.49 657.4524732824427
1.5 652.484076335878
1.51 647.515679389313
1.52 643.1403030303031
1.53 638.9131818181819
1.54 634.6860606060607
1.55 630.4589393939394
1.56 626.2318181818182
1.57 622.004696969697
1.58 617.7775757575757
1.59 613.5504545454546
1.6 609.3233333333333
1.61 605.0962121212121
1.62 600.8690909090909
1.63 596.6419696969697
1.64 592.4148484848486
1.65 588.2864885496184
1.66 584.2239694656489
1.67 580.1614503816794
1.68 576.0989312977099
1.69 572.0364122137405
1.7 567.973893129771
1.71 563.9113740458015
1.72 559.8488549618321
1.73 555.7863358778626
1.74 551.7238167938931
1.75 547.6612977099237
1.76 543.5987786259541
1.77 539.5362595419847
1.78 535.7439015151514
1.79 532.2217045454545
1.8 528.6995075757575
1.81 525.1773106060605
1.82 521.6551136363636
1.83 518.1329166666667
1.84 514.6107196969697
1.85 511.0885227272727
1.86 507.5663257575757
1.87 504.0441287878787
1.88 500.5219318181819
1.89 496.9997348484849
1.9 493.47753787878787
1.91 489.99299248120303
1.92 486.5963007518797
1.93 483.1996090225564
1.94 479.8029172932331
1.95 476.4062255639098
1.96 473.0095338345865
1.97 469.6128421052632
1.98 466.21615037593983
1.99 462.81945864661657
2 459.4227669172933
2.01 456.02607518797
2.02 452.62938345864666
2.03 449.23269172932334
2.04 445.836
2.05 442.44859541984744
2.06 439.0611908396947
2.07 435.673786259542
2.08 432.2863816793893
2.09 428.8989770992366
2.1 425.51157251908387
2.11 422.12416793893135
2.12 418.7367633587786
2.13 415.34935877862597
2.14 411.9619541984732
2.15 408.5745496183206
2.16 405.18714503816784
2.17 401.79974045801526
2.18 398.9073358778625
2.19 396.0699312977099
2.2 393.23252671755716
2.21 390.39512213740454
2.22 387.55771755725186
2.23 384.72031297709924
2.24 381.8829083969465
2.25 379.0455038167939
2.26 376.20809923664126
2.27 373.3706946564886
2.28 370.5332900763359
2.29 367.6958854961832
2.3 364.8584809160306
2.31 361.5626335877863
2.32 358.1521755725191
2.33 354.7417175572519
2.34 351.33125954198476
2.35 347.9208015267175
2.36 344.5103435114504
2.37 341.0998854961831
2.38 337.68942748091604
2.39 334.27896946564874
2.4 330.8685114503817
2.41 327.45805343511444
2.42 324.04759541984726
2.43 320.63713740458
2.44 316.2436315789473
2.45 311.42881954887196
2.46 306.61400751879694
2.47 301.79919548872164
2.48 296.98438345864656
2.49 292.1695714285712
2.5 287.3547593984961
2.51 282.53994736842105
2.52 277.72513533834575
2.53 272.9103233082707
2.54 268.0955112781954
2.55 263.2806992481203
2.56 258.465887218045
2.57 253.06172727272727
2.58 246.7735454545453
2.59 240.48536363636364
2.6 234.19718181818166
2.61 227.909
2.62 221.62081818181804
2.63 215.33263636363637
2.64 209.0444545454544
2.65 202.75627272727274
2.66 196.4680909090908
2.67 190.1799090909091
2.68 183.8917272727271
2.69 177.60354545454547
2.7 171.51846564885486
2.71 166.2457938931298
2.72 160.9731221374045
2.73 155.70045038167942
2.74 150.4277786259541
2.75 145.15510687022905
2.76 139.88243511450398
2.77 134.60976335877865
2.78 129.3370916030536
2.79 124.06441984732828
2.8 118.79174809160322
2.81 113.51907633587793
2.82 108.24640458015284
2.83 103.10629770992372
2.84 99.15927480916044
2.85 95.21225190839698
2.86 91.26522900763369
2.87 87.31820610687024
2.88 83.37118320610696
2.89 79.42416030534349
2.9 75.47713740458022
2.91 71.53011450381675
2.92 67.58309160305348
2.93 63.63606870229002
2.94 59.689045801526746
2.95 55.74202290076329
2.96 51.795
2.97 49.902499999999954
2.98 48.010000000000005
2.99 46.11749999999996
3 44.225
3.01 42.332500000000046
3.02 40.44
3.03 38.54750000000004
3.04 36.655
3.05 34.76250000000004
3.06 32.87
3.07 30.977500000000042
3.08 29.085
3.09 27.19250000000004
3.1 26.110303030303033
3.11 25.230681818181836
3.12 24.351060606060603
3.13 23.471439393939413
3.14 22.59181818181818
3.15 21.71219696969699
3.16 20.832575757575757
3.17 19.952954545454567
3.18 19.07333333333333
3.19 18.19371212121214
3.2 17.314090909090908
3.21 16.434469696969714
3.22 15.554848484848485
3.23 14.511954545454568
3.24 13.360212121212115
3.25 12.208469696969713
3.26 11.05672727272731
3.27 9.904984848484856
3.28 8.753242424242453
3.29 7.6015
3.3 6.449757575757597
3.31 5.298015151515143
3.32 4.146272727272741
3.33 2.9945303030302877
3.34 1.8427878787878849
3.35 0.6910454545454312
3.36 0
3.37 0
3.38 0
3.39 0
3.4 0
3.41 0
3.42 0
3.43 0
3.44 0
3.45 0
3.46 0
3.47 0
3.48 0
3.49 0
3.5 0
3.51 0
3.52 0
3.53 0
3.54 0
3.55 0
3.56 0
3.57 0
3.58 0
3.59 0
3.6 0
